0.9999 -0.0014 0.0134
 -0.0002 0.9930 0.1179
 -0.0134 -0.1179 0.9929
0.9948 -0.0029 -0.1021
 0.0145 0.9935 0.1132
 0.1011 -0.1141 0.9883
0.9996 -0.0250 0.0132
 0.0254 0.9994 -0.0255
 -0.0126 0.0259 0.9996
0.9984 0.0550 -0.0143
 -0.0541 0.9967 0.0599
 0.0176 -0.0590 0.9981
