-0.978373 0.086793 0.187758
 -0.206703 -0.376206 -0.903185
 -0.007755 -0.922462 0.386010
-0.878884 -0.213305 -0.426690
 0.475525 -0.320595 -0.819204
 0.037945 -0.922887 0.383197
0.958416 0.123913 0.257070
 -0.284197 0.496233 0.820357
 -0.025914 -0.859301 0.510813
0.827280 -0.203088 -0.523797
 0.558964 0.390963 0.731237
 0.056279 -0.897721 0.436955
