-0.978035 0.086320 0.189730
 -0.208343 -0.376607 -0.902641
 -0.006462 -0.922343 0.386318
-0.882043 -0.212778 -0.420389
 0.469704 -0.326753 -0.820129
 0.037142 -0.920846 0.388152
0.958870 0.122164 0.256210
 -0.282434 0.500536 0.818349
 -0.028269 -0.857053 0.514452
0.827258 -0.204922 -0.523117
 0.559051 0.392617 0.730283
 0.055733 -0.896582 0.439358
