0.9999 -0.0020 0.0154
 0.0001 0.9930 0.1182
 -0.0155 -0.1182 0.9929
0.9953 0.0009 -0.0963
 0.0106 0.9929 0.1188
 0.0958 -0.1193 0.9882
0.9997 -0.0221 0.0135
 0.0224 0.9995 -0.0213
 -0.0130 0.0216 0.9997
0.9983 0.0556 -0.0144
 -0.0546 0.9965 0.0626
 0.0178 -0.0617 0.9979
