-0.975535 0.108257 0.191344
 -0.219846 -0.480376 -0.849062
 0.000000 -0.870356 0.492424
-0.833886 -0.271787 -0.480381
 0.551937 -0.410625 -0.725777
 0.000000 -0.870356 0.492424
0.958820 0.139856 0.247194
 -0.284015 0.472145 0.834514
 0.000000 -0.870356 0.492424
0.822144 -0.280327 -0.495476
 0.569280 0.404843 0.715558
 0.000000 -0.870356 0.492424
